5226271007 | <none indexed yet> 
5226317007 | 20260924023808 200 
4660812007 | 20260924023901 200 
5224777007 | 20260924023957 200 
5226804007 | 20260924024037 200 
5215711007 | <none indexed yet> 
5215739007 | 20260924024240 200 
5215744007 | 20260924024337 200 
5215773007 | 20260924024522 200 
5216142007 | 20260924024620 200 
5216171007 | 20260924024735 200 
5216208007 | 20260924024839 200 
5218228007 | 20260924030625 200 
5218230007 | 20260924025035 200 
5218232007 | <none indexed yet> 
5218233007 | 20260924025255 200 
5205585007 | 20260924030428 200 
5206505007 | 20260924030526 200 
5216541007 | 20260924025454 200 
5216612007 | 20260924025355 200 
5221874007 | 20260924025647 200 
5234232007 | 20260924025757 200 
5241604007 | 20260924025939 200 
5247459007 | 20260924030049 200 
5247509007 | 20260924030134 200 
5247722007 | 20260924030729 200 
5247740007 | 20260924030330 200 

[exited with code 0]
